-01.426	+08.161	-00.186
-09.899	+08.617	+05.011
+00.318	-09.946	-07.620
+04.512	+08.156	+09.905
-06.773	-04.596	+05.528
-06.293	+09.502	-03.120
+00.778	+01.032	+09.598
+09.002	+09.994	+07.833
+01.545	+02.026	-05.065
-02.329	+00.451	+06.871
+01.846	+03.816	+04.912
+05.150	-00.246	-09.340
+02.003	-09.569	-06.342
+06.769	-04.346	+08.434
+09.922	-08.739	+04.098
-02.816	+05.944	-04.053
+00.816	+06.605	+03.109
-06.253	-03.362	+07.465
+03.745	-03.184	-06.955
-00.993	+02.601	+06.394
-04.883	+07.963	-04.042
-08.561	-08.462	-05.094
+04.955	+03.500	-00.300
+06.820	-05.072	-07.186
-04.967	-05.799	-02.470
-04.950	+05.430	+08.260
+08.125	+02.947	-03.238
-01.297	+05.698	-00.093
-03.290	+05.250	-08.196
+05.528	+00.052	-09.762
+07.314	-03.225	-04.931
+03.106	-00.107	-09.714
+05.988	-05.621	-09.117
+00.925	+03.425	+01.174
+01.681	-05.744	-04.389
+04.479	-02.444	+01.009
+00.763	+09.042	+07.583
+04.211	-02.265	-04.038
-01.184	-07.365	-03.288
-03.830	-06.990	+01.257
+08.964	-02.782	-07.769
+03.227	+07.287	-04.048
+01.167	+09.440	-07.843
+08.223	+02.308	+09.802
+08.652	+02.821	-03.193
-08.714	+07.430	-08.414
-01.660	+09.728	+05.915
-09.130	+00.246	-03.407
+06.902	+00.166	-07.757
-04.613	+00.037	+02.506
-04.013	-04.541	+09.590
+03.268	+03.227	-06.000
+04.943	+04.533	+07.984
+03.098	-08.498	-01.558
-09.335	-00.951	-00.151
+01.443	+04.942	+00.213
+08.460	+03.546	+06.856
+08.863	+05.114	+06.424
+09.238	+08.631	-05.194
-00.606	-01.895	+09.756
-06.009	+02.391	-07.168
-04.181	+01.300	-02.348
-08.704	+08.698	+00.713
-07.015	-02.651	-05.734
-04.943	+04.807	-05.557
-09.822	+06.416	+00.843
+03.526	+06.501	+03.302
+07.508	-04.063	+00.428
+04.937	+01.348	-07.576
-08.207	+03.578	+07.958
-03.896	-08.037	-08.288
-03.311	+02.074	-08.642
+06.957	+06.596	+06.564
-03.252	-02.471	+02.893
+02.891	+06.851	+07.206
+03.443	+09.368	-07.243
-02.335	-02.216	+03.819
+05.646	+09.571	-05.914
+09.614	-02.435	+03.715
-09.182	+00.397	-04.212
+03.500	-01.271	-02.614
-05.297	+08.328	+07.918
+07.161	-04.862	-07.236
+05.336	+02.357	-05.100
+07.311	+05.026	-05.220
-04.128	-02.567	+01.375
-09.238	+05.892	+01.415
+04.349	+09.395	+00.739
-02.464	-00.870	+01.836
+06.904	+02.173	-00.324
+00.066	+06.723	-01.367
+04.026	-02.485	+05.766
+09.898	-02.761	-00.856
-07.414	+03.739	-02.655
-00.049	+00.044	+02.822
+05.247	+04.846	-06.615
+09.144	+03.836	-02.417
+04.366	+01.896	-00.282
-02.550	-04.799	-08.722
-09.056	-07.446	-09.872
-03.339	+04.297	-09.576
-02.847	+04.755	+05.933
-03.762	+05.526	-09.089
+00.325	-00.147	+04.857
+08.723	+01.123	-09.093
-00.729	+07.772	+04.149
+06.888	+03.158	-01.167
-07.069	+00.324	-01.061
+09.672	-04.804	-03.774
-05.597	-06.830	+05.092
-01.526	-02.586	+01.266
-01.363	-03.854	+07.028
+04.529	+09.846	-08.443
+02.801	-04.298	+00.980
-04.943	-03.301	+09.726
+08.447	-08.129	-00.679
-03.695	-07.409	+01.053
+03.121	+01.013	+03.439
+09.236	-01.183	-05.472
-04.634	-09.989	+03.073
-05.272	+07.075	+06.649
-04.033	+08.780	+06.267
+04.175	-09.946	+07.418
+04.619	+06.978	+03.680
+05.148	+06.038	-09.917
-04.475	+04.439	-03.311
+05.358	-00.533	+07.497
-01.852	-00.192	+03.749
+09.053	-04.919	+08.709
+06.664	+00.473	+02.249
+03.848	-08.387	-02.432
-00.414	+01.640	-07.607
-09.070	-03.488	-08.518
+01.436	-08.905	+09.540
+03.916	+08.269	+01.699
+02.796	+07.020	+06.348
-09.856	+02.784	-02.086
-08.873	-07.397	+05.673
+09.642	+07.698	+08.964
-00.412	+06.932	+09.524
+01.035	+09.786	-00.146
-02.165	-04.230	-06.250
-02.524	-01.363	-06.739
-09.630	+07.794	-01.708
+09.637	+01.711	+03.632
+03.016	-03.660	-00.471
+04.711	+05.409	-05.461
+05.256	-01.287	-03.981
+01.194	+01.251	+08.383
+09.518	-04.971	-01.925
-02.562	-09.568	-07.096
+02.553	-03.074	-07.700
-00.902	+01.564	-04.679
-01.679	+09.401	+06.380
+05.816	+00.876	+03.810
+06.561	+02.623	+09.842
+02.920	-00.257	+02.261
-08.450	-03.462	-09.209
+09.306	-02.647	+09.900
-02.720	-08.762	+05.095
+00.860	-04.543	-02.123
+09.281	+07.676	+06.502
+00.058	+04.237	+03.054
-09.138	+03.832	+07.496
+00.277	+02.967	-09.024
+09.215	+03.776	+00.503
+08.713	-06.407	-01.190
-08.427	+04.307	-03.397
+08.858	+09.921	-08.497
+05.551	-05.538	+09.031
+03.647	-02.323	+04.567
-06.483	-04.011	+06.381
+08.547	+02.096	+02.031
-03.824	+01.853	+05.937
-07.974	-01.416	-07.163
+03.542	+09.495	-08.409
-05.466	-00.265	+01.177
+05.776	-04.480	+09.326
-00.951	+07.848	-08.686
+05.508	+08.819	-07.546
+02.389	-01.890	+03.682
-03.462	-04.891	-09.586
+00.358	+03.681	-07.385
-09.506	-06.768	-09.296
-02.115	-07.321	+05.805
+07.823	-06.837	-09.259
-08.174	-00.990	+08.321
-02.469	-01.166	+02.627
-03.948	-02.529	+09.269
+01.530	-07.770	+01.728
+00.822	+09.588	+04.274
+05.117	+05.515	+02.846
+08.742	-05.733	+02.122
-09.172	-02.435	-05.981
-06.495	-01.794	-02.887
+05.006	-07.402	-03.623
-06.768	-00.300	+00.718
-03.513	-00.440	+03.110
-06.151	+08.368	+05.596
-03.317	-00.444	-04.128
+08.349	+07.563	+03.435
+07.300	-01.497	+02.512
+01.803	+08.816	-05.453
+03.456	-02.992	-04.003
-00.854	-05.564	-06.212
-01.140	+08.324	+05.991
+00.397	+08.868	+04.094
+09.216	-02.446	+07.521
+06.324	+08.133	-01.719
+08.461	+05.736	-03.587
-05.468	-06.197	+02.354
+08.718	-03.957	-00.035
-07.595	-09.438	-07.347
-07.056	+06.458	+00.272
+07.886	+09.371	-04.143
-06.396	+04.533	+03.574
-06.913	-00.769	-00.932
-08.968	-08.784	-05.769
-01.484	-05.011	-01.277
+01.427	-01.575	-01.137
-00.744	+04.963	+06.384
-07.976	-09.245	+02.790
-01.318	+06.326	-01.041
-04.429	-02.802	-04.840
-07.184	-02.717	-04.208
-01.329	-08.658	+04.686
-00.154	-00.317	+08.261
+00.230	+05.659	+08.318
-02.220	+03.511	+04.915
+03.653	+00.031	+09.699
+09.954	-07.038	+00.289
+06.503	-00.232	-07.818
+07.025	+02.760	-05.099
-03.736	-07.539	-02.757
+06.809	-09.004	-08.356
-06.805	-05.102	-01.601
+04.618	-08.160	-02.927
-01.242	-04.996	+03.458
-01.250	+06.628	-00.383
+09.041	+03.733	-05.188
+03.841	-03.498	+08.385
+00.269	+07.806	+04.480
+01.800	+03.163	+01.300
+01.844	-03.918	+03.947
+01.812	-01.505	-01.753
-09.725	-04.401	-09.868
-08.911	+08.682	-00.279
-05.573	-06.509	-09.997
-06.957	+06.590	+03.168
-06.678	-00.905	-05.498
+03.570	+08.204	-05.555
-02.710	+07.815	+05.260
+06.321	-01.963	+00.274
-07.978	-08.614	+07.710
-01.064	+05.762	-03.588
-06.460	+04.826	+04.977
-08.038	-04.175	+05.880
-03.694	+00.972	-03.410
+06.116	+05.257	-00.200
-07.093	+01.419	-06.381
+09.816	+06.680	+01.123
-06.486	+05.836	-08.853
-06.153	+06.253	+07.281
+08.569	+08.158	-05.359
-07.698	+04.912	+03.098
-03.921	-08.486	+08.304
+05.557	+08.903	-00.677
+03.008	+07.634	+01.084
+01.307	+08.026	-03.048
-08.585	+00.113	+04.824
-08.846	-09.195	+02.993
-02.700	-06.453	+04.880
+02.975	-08.593	+02.117
-07.921	-03.010	-02.768
-08.683	-02.188	-08.724
+01.964	+05.403	-00.976
-09.807	-08.498	+04.115
+03.337	+07.112	-01.863
+03.477	+00.696	+09.962
+06.940	-00.617	-01.313
+09.016	+09.520	+02.338
+09.995	+04.085	-04.409
+02.938	-09.955	+05.963
+03.233	-02.793	-05.168
-07.679	-08.951	+03.707
-05.317	-08.583	+04.912
+07.426	-07.104	-01.770
-00.543	-08.284	-02.924
-08.336	+00.847	-07.644
-04.287	-02.214	-09.111
-01.133	-03.666	-09.540
+02.741	+00.389	+01.275
+06.605	-03.337	+06.208
-05.747	-04.081	-07.641
-07.703	-04.348	-06.616
-04.628	+06.199	-08.265
-00.316	-08.895	-07.185
+07.741	+08.145	+00.840
+08.528	+07.670	+03.670
-03.922	+08.937	-02.057
-05.182	-03.650	-01.179
-00.711	+00.766	-09.743
+04.604	+03.406	-03.669
+07.966	+09.569	-08.622
+07.007	-07.040	-09.880
-08.684	-05.900	+05.742
+04.013	-01.472	+08.030
+03.952	+05.167	+09.230
+02.106	-08.916	+03.074
-04.312	+05.368	-03.926
+07.271	-05.093	-00.232
+04.849	+02.644	+08.729
-03.228	+00.011	-08.932
+02.394	-02.416	-03.473
-07.270	-07.950	+09.198
+05.363	+05.759	+08.327
+00.820	-09.654	-04.742
+04.074	+09.151	-03.259
-02.695	+03.311	-04.835
-01.154	-08.231	+00.121
-03.165	+02.014	-06.502
-05.276	+06.105	+01.669
-02.679	-01.466	+00.046
+02.943	-08.388	+01.650
+05.232	+00.809	+07.297
+07.426	-08.234	-07.246
-09.206	-07.880	+09.104
-04.839	+00.678	-05.367
-03.154	-03.562	-06.984
+08.217	+07.006	+01.172
-05.815	+03.525	-09.711
+09.918	-04.050	-06.815
+09.727	+05.765	-09.389
+00.988	-01.547	-04.659
+09.042	-04.223	-07.217
+06.751	-00.274	-05.255
+01.943	-03.596	-09.109
+01.810	+01.613	+00.827
+06.933	+06.872	+08.084
-06.848	-09.845	-06.821
+08.034	-02.138	-09.446
-09.868	+01.272	-07.631
+04.676	+08.750	-06.469
-05.107	-05.574	-04.563
+03.165	+00.106	-06.811
-00.984	-07.534	+04.953
-03.888	-00.952	+04.910
-08.290	-08.235	+00.651
-03.917	-07.274	+04.013
+06.905	-08.111	+03.708
-08.441	-08.065	+02.148
-03.131	+00.265	-06.286
+09.654	-08.209	-03.774
-00.615	+01.844	-09.187
-08.492	+06.085	+00.080
-04.591	+04.090	-05.846
+06.069	-03.941	-02.259
+00.952	+06.635	-08.244
+07.325	-09.807	-05.089
+07.739	-04.252	+05.484
-07.282	+09.360	-01.584
-05.935	+04.784	-07.086
-01.631	-00.568	+06.195
-07.197	+01.909	-09.732
+04.290	+01.778	+09.992
+05.511	+09.533	-02.180
+02.374	-00.129	-05.938
+08.153	-09.396	-08.241
-03.159	-01.309	+03.606
+08.664	+04.788	-09.599
-06.120	-07.913	+01.873
+03.055	+02.697	-05.756
-09.653	+03.776	+03.062
+04.198	+04.000	+00.065
-05.853	-09.886	-04.385
-04.856	-08.858	+01.127
-02.280	-00.259	+05.952
+01.626	+05.443	-04.267
-04.800	+07.301	+03.090
-08.851	+07.826	-07.709
+00.281	+08.892	-00.718
+09.273	+08.919	-06.278
-09.479	+06.811	-01.696
-02.124	+09.671	+00.447
-07.606	-05.482	-08.569
-08.680	-03.868	+07.859
+05.412	-08.784	+09.448
-09.104	+03.208	-00.083
+01.225	+03.659	-01.933
+07.098	-00.199	-00.720
-08.866	-07.007	-07.495
+05.273	+09.971	-09.281
-08.438	-08.001	-03.929
-09.964	-04.942	-01.916
+08.694	+05.739	+06.704
+05.194	-06.176	+05.818
-09.855	-07.595	-03.413
-08.515	+00.720	+09.333
+00.493	+04.517	-07.039
-02.487	+05.746	-09.914
+09.148	-09.928	+05.956
+08.113	-02.225	+01.843
-08.944	+02.989	-08.108
-02.022	-08.408	-04.267
-05.742	+09.301	+01.638
-09.362	-02.267	+09.820
-08.336	+04.863	+04.126
-01.690	-05.980	-09.079
+09.210	-00.430	+09.109
-03.627	+04.430	-05.433
+07.951	+07.651	-07.642
-02.670	+01.028	+05.746
-04.302	-08.086	+05.299
-01.606	+09.503	-03.664
+04.396	+07.873	-08.026
+09.958	-09.567	+02.949
-04.743	+00.496	-05.688
+00.094	+03.919	-05.133
+05.116	-01.444	-04.958
-05.804	-07.835	-00.532
+08.004	+08.862	+01.940
+05.469	-04.208	-08.778
+06.499	+02.257	+01.091
-01.915	-01.621	-00.648
-07.940	+05.496	-03.046
+02.700	-01.830	+03.219
+03.940	+05.819	+07.337
+06.160	-04.846	+08.561
-02.979	-00.869	+09.171
-08.599	+09.570	-07.850
-07.703	-03.308	+00.875
-01.939	+08.954	+07.832
-04.971	-09.329	-03.023
+02.391	-05.267	+09.359
+07.712	+04.865	-04.157
+00.731	-03.961	+01.063
+03.778	+05.648	+00.310
+02.907	+03.404	+07.892
-03.006	+09.357	+09.682
+00.029	-06.345	-06.448
+07.243	-01.197	-01.001
+09.896	+00.909	+06.605
-09.934	-06.334	-05.646
-02.399	-01.880	+06.950
-08.064	-09.319	+00.935
+09.345	+05.865	+01.975
-09.220	-09.291	-09.263
-05.502	-03.217	+05.939
+09.205	+05.070	+09.701
+00.574	-02.402	-03.717
-08.052	+04.523	-02.593
-05.688	-01.609	-04.594
+07.365	+05.639	+07.115
-09.004	+08.626	+09.946
+01.498	-06.652	-01.357
+05.458	-00.484	+06.283
-08.609	+00.334	-07.460
-00.950	-03.919	-09.515
-01.555	+06.718	+00.706
+04.808	-06.521	+03.245
+02.447	-07.136	+07.885
+00.857	+09.972	+00.916
-00.293	+07.789	+00.319
+02.969	-07.409	-01.907
+04.700	-07.930	+04.884
-00.407	+05.936	+06.348
-08.212	+01.364	-05.225
+05.304	-05.439	-01.063
+02.677	+01.974	-00.449
+05.659	+05.427	-00.877
+04.967	+07.971	-00.817
-07.820	-00.444	+07.159
+08.843	+08.031	+07.630
-09.555	+07.288	-09.940
+01.874	-05.220	+03.138
+06.934	-04.315	-08.304
-01.873	+08.360	+04.402
-03.198	+01.182	+06.186
-02.824	-04.668	-03.577
+00.721	-02.461	+03.278
+03.791	-07.293	+02.403
-04.703	+05.608	-06.204
+00.624	+01.721	+01.382
-00.366	+04.981	+00.082
+07.375	+06.386	-08.600
+06.924	-08.951	+09.774
+01.778	-04.719	+08.177
-08.563	+07.495	+00.595
-05.682	-08.327	-03.613
-09.882	-07.760	-06.205
-08.493	-05.203	-01.588
-03.291	-06.819	-00.434
+06.458	-05.105	+01.439
-07.209	+02.638	+09.385
+02.688	+04.885	+02.447
-07.598	-09.121	-01.493
+02.760	+03.893	-00.100
-01.464	-01.106	+02.761
-09.440	+01.395	+06.230
-05.466	-01.071	-06.481
+00.435	-02.411	+04.739
-09.772	+03.442	-05.065
+01.743	-04.388	+04.578
+01.173	-05.300	-09.906
-09.970	+07.065	+06.756
-06.010	-00.728	-05.179
+00.235	-05.559	+09.577
+06.854	-04.680	-02.935
+00.134	+05.854	+02.958
-08.223	+02.567	-01.135
+08.516	-00.049	+05.140
+05.243	-08.097	-09.981
+09.993	+06.081	-07.480
+01.830	-03.945	+06.210
+02.391	+08.336	-08.249
-01.882	+07.116	+08.268
-08.330	-03.375	-06.395
+02.801	+08.778	+07.472
+09.328	-04.262	+09.020
+05.628	+09.044	-01.144
+07.265	-00.319	-09.281
-00.411	-03.556	-00.083
+01.771	-03.622	-02.060
+05.320	-06.886	+06.097
-08.700	+02.853	-00.681
-03.276	-09.418	+02.160
+09.271	+07.012	+09.571
-04.434	-01.798	+05.803
-06.476	+05.385	-07.906
-01.374	+04.463	+07.466
-03.715	-08.982	+02.390
+02.785	-06.908	-00.388
+03.205	-00.841	+09.609
-04.877	+09.049	+06.312
+06.079	+05.243	-03.363
-08.741	-04.919	-03.282
+02.403	+07.764	-03.036
-04.665	+03.217	+06.066
-04.569	-06.744	-09.255
+09.358	+03.808	-02.150
+02.763	-09.742	+07.620
+03.358	-00.936	-01.496
-00.319	-00.259	-07.713
-03.376	-09.735	-00.546
+08.045	+00.154	-04.211
+05.131	+05.322	-05.699
-06.826	+02.527	-06.121
+02.454	-06.509	-05.160
-07.092	-05.279	-00.493
-02.534	-00.267	-02.259
+06.245	-08.909	-06.923
+08.998	+05.561	+03.421
-02.598	-05.132	-01.995
-02.584	-05.297	-05.408
+06.628	+03.387	-05.448
+08.413	+09.285	+09.207
+06.140	+01.662	+08.997
+02.995	-00.379	-08.572
-09.434	+06.429	+02.684
-02.237	-07.596	-04.648
-08.646	+01.996	-05.796
-05.281	+07.957	-04.387
-03.157	-09.659	-06.781
+03.622	-02.903	+02.829
+09.768	+02.918	+04.718
-08.490	+07.549	+01.791
-04.395	+00.400	+03.721
-07.175	-05.737	-01.795
-05.276	+01.868	+01.753
+04.232	+08.500	-07.124
-06.940	-02.867	+04.318
+05.849	-01.702	+07.984
-03.031	+08.314	-07.133
+05.446	+04.631	-08.575
-06.981	-09.390	+02.578
+04.919	+00.002	+05.171
+00.269	+01.259	+08.913
-05.080	-08.316	-09.318
+06.722	+01.824	-00.636
+00.251	-07.260	-02.554
-08.768	-03.420	-07.197
+07.037	-01.721	-06.300
+03.504	+01.419	+06.105
+04.680	+00.162	+05.732
-03.274	+08.412	-02.455
-01.572	+04.100	-06.354
+06.607	+03.999	-01.816
+09.500	+02.529	-03.004
-03.229	-00.500	-01.865
-07.999	+03.854	-01.295
+00.788	-05.113	-06.023
-07.561	+03.095	+05.720
-04.012	+06.961	+09.477
-03.015	+05.263	+00.996
-08.616	-04.586	-05.392
+02.488	-03.980	+04.776
-07.511	+01.874	-09.108
-06.295	+04.681	-09.550
-01.914	-07.290	-04.451
-04.303	-07.074	+08.340
-00.504	-06.170	+06.620
+06.494	+04.880	+01.848
+00.931	-09.574	+07.963
+01.054	-03.522	+06.961
-07.939	+04.874	+01.345
+08.492	+06.130	-03.981
+00.865	-02.031	+05.059
-03.772	-03.721	+08.102
+08.907	-08.820	-00.109
+08.033	-06.081	-05.334
-07.254	+07.522	-03.323
+09.206	+04.861	+04.189
-02.282	+05.362	-08.934
-02.102	+04.465	-07.617
-05.269	-09.471	-06.021
-06.232	+09.733	-05.381
-08.856	+07.498	+07.051
+05.950	-07.339	-00.900
-05.227	-01.714	-04.664
-05.741	-08.819	+08.214
+00.319	+08.753	+01.792
+08.434	-03.847	+01.568
+02.274	-05.099	+04.356
-01.766	+04.947	+08.216
-07.120	+07.886	+04.499
-04.230	+03.953	-06.586
-09.030	+05.125	+01.520
-05.621	-06.110	-06.779
+03.274	-01.986	-02.309
-05.341	-01.639	+09.896
+07.698	+04.414	-08.032
+07.439	-06.577	-05.679
+04.549	-01.351	+03.135
-09.893	+04.861	-04.291
+00.960	-05.918	+03.740
-08.043	-08.249	-08.733
-07.091	+06.351	-06.420
-03.760	-03.683	-08.015
-06.937	-09.495	-06.870
-07.754	-02.150	+08.572
-01.048	-03.762	+03.351
-04.208	-05.077	-07.867
+00.071	-05.928	+06.808
-02.718	-02.356	+06.296
+02.841	+06.182	+06.705
+04.692	-01.743	+05.218
-05.032	-09.026	-06.037
-03.877	+01.979	+09.599
-05.446	-04.353	+09.227
+00.409	+04.211	+00.287
-08.885	-01.145	-04.028
-08.043	+08.756	+06.186
+04.952	-08.025	-05.364
+00.521	+03.652	+05.396
-04.498	-03.981	+05.967
+01.036	-04.005	+01.444
-01.476	-01.674	+07.023
-08.539	+09.402	+01.038
+04.224	-06.911	+06.134
+06.521	-07.388	-02.729
+04.528	-00.487	+06.862
+06.451	-04.581	-00.745
+06.292	-04.117	-03.274
-03.344	-00.672	-07.438
+09.620	+04.701	-01.967
-03.654	-08.943	-03.073
+06.064	+08.783	+07.489
-08.281	-06.588	-09.197
+02.154	+09.176	+02.679
+07.459	-08.173	-05.434
+09.480	-01.055	+09.561
-05.185	+07.859	+03.351
+05.984	+01.368	+00.882
-03.635	-09.678	+00.386
+04.777	+03.481	+03.912
+07.886	+08.095	-04.198
+09.927	+05.825	-07.078
-06.697	-01.215	-06.478
+04.444	-05.925	-09.023
-03.830	-02.522	-00.820
+07.928	-01.954	+03.353
-07.046	+08.241	-00.034
+01.950	-03.502	+05.411
+01.882	+06.621	-02.254
-05.415	-07.156	+08.142
+04.260	+08.236	+00.108
-05.890	-03.908	+09.712
+01.029	+00.942	-09.144
-09.210	-05.634	+08.807
+09.350	-04.108	-02.227
+07.968	+04.549	+00.989
+06.043	-04.101	+07.552
+05.113	+02.938	+00.799
+05.769	-06.660	-02.845
+09.669	-01.858	-03.764
+01.296	-00.017	+09.491
+07.937	+01.569	+07.285
-04.114	+08.553	-03.674
+02.053	+03.091	+03.230
-01.393	-08.179	-09.689
+07.413	-06.738	-05.958
+02.686	-03.836	-06.210
-02.469	-00.169	-03.484
-04.525	-00.360	+07.707
+08.997	+09.204	+06.366
-07.868	+02.088	-01.980
+03.342	+04.701	+00.950
-09.958	+08.860	+08.217
-06.389	-02.553	-05.335
+08.847	+08.572	+08.987
-02.654	+04.939	-01.128
-06.299	-03.270	+04.159
+03.393	-08.114	+01.867
+04.066	-05.230	+05.430
+04.308	-09.166	+01.222
+04.761	+01.676	-02.848
-01.412	-07.883	-07.191
-07.339	-07.974	+01.902
+04.919	+07.544	-02.231
+04.746	-00.547	-06.703
+04.254	-03.791	-06.558
-00.507	+02.734	-04.379
+02.873	-01.731	+07.131
-07.342	-01.810	+01.382
+01.302	+00.461	-04.003
+04.406	+06.998	+04.721
-01.155	-09.615	+03.352
+01.945	+00.057	+07.349
-07.204	-07.120	-04.812
+09.916	+02.268	+06.699
-05.472	+06.593	+02.557
+09.918	+08.583	-04.198
-06.514	+00.453	-09.935
-04.038	+07.690	-01.290
-05.303	+04.285	-09.433
-09.989	+07.518	+02.455
+08.234	+04.161	-03.688
-07.955	-02.852	-00.215
-09.210	-01.971	+00.337
-06.435	-00.344	-09.793
+03.295	-09.716	+04.589
+08.664	+02.778	-00.834
-04.411	+02.477	+06.695
-00.325	-07.795	+05.926
-06.687	+01.687	-08.056
+07.169	-05.789	+04.626
-04.668	+05.955	-04.880
-00.807	+09.023	-04.979
+06.494	+08.590	+05.359
+09.982	+07.872	-00.010
-07.051	+08.639	+01.113
+02.116	-00.535	+06.563
-09.466	-05.246	+09.184
+01.580	-04.623	+02.044
-05.898	-06.574	+07.255
-03.669	-01.417	-07.056
+02.740	-07.941	+01.509
+04.742	+00.399	-06.440
-03.678	+02.496	+06.131
+00.135	-05.912	-05.004
+09.150	-05.866	-01.554
-03.748	-00.678	+01.424
+00.773	+08.046	+09.028
+00.906	-08.279	+05.977
-00.437	-02.015	-00.150
-08.427	-07.387	+06.635
-03.959	-08.217	+02.720
-01.988	+02.611	+06.005
+08.018	+01.515	+05.183
-01.007	-08.998	-03.554
+03.834	+04.497	+09.584
+09.244	+03.692	-07.730
-08.396	+04.357	+04.012
+00.299	+03.439	-02.034
+07.580	+04.426	+09.959
-02.982	+05.400	-00.240
+04.373	-00.366	+02.084
-02.750	+02.230	+07.262
+06.672	-08.932	-00.142
+03.070	-00.351	-07.752
+07.702	+05.054	+00.949
-09.031	-05.164	+08.341
-08.561	-00.246	+02.032
+08.519	-04.523	+03.944
+03.617	+03.176	+06.790
-05.209	-08.477	+02.326
-03.046	+01.505	+03.851
-00.037	-00.243	+08.467
+03.396	+02.726	+02.406
+00.237	+03.414	-01.251
+07.360	+02.569	+01.609
+01.637	+06.041	+03.708
-09.814	-04.467	-04.754
+00.451	-03.604	-01.929
+06.651	-01.480	+07.566
+08.709	-04.149	+08.658
+01.432	+06.942	-06.090
+05.784	+02.974	-02.625
+06.733	+08.918	+03.429
+07.413	-06.370	-08.581
+04.584	+01.489	+05.735
+02.166	-03.669	-00.351
+09.019	+00.268	+01.945
-05.992	+09.097	+06.409
+07.844	-09.816	+08.872
+04.496	-01.301	+01.131
-08.004	-02.631	+06.913
+06.427	+08.884	-06.866
-03.342	-09.091	-06.312
+04.466	+09.614	-09.074
+03.878	+06.142	+01.124
+00.004	+03.096	-01.064
-03.810	-00.749	-09.624
+05.092	-01.315	+02.416
-03.133	+04.645	+01.651
-08.164	-08.140	-06.218
-09.806	-06.487	+02.345
-07.336	-07.760	+06.940
+07.508	+03.197	+02.346
+07.061	-08.104	+06.398
-02.475	+04.677	+08.233
+00.915	-06.476	-03.177
+06.241	+09.430	-05.432
+04.771	-06.146	+07.981
-01.092	+09.821	-00.650
-08.076	-07.905	+07.020
+08.500	-00.456	-01.152
+01.270	+07.361	+02.210
-01.314	-04.285	+03.877
-06.420	-00.364	-07.522
-00.433	-06.822	-07.383
+04.049	-07.321	+08.456
-01.089	+08.331	-05.657
-05.584	-03.384	-08.217
-04.130	-03.967	+02.060
+01.111	-04.654	+08.810
-03.544	-06.519	+00.683
+03.184	+07.056	+06.735
+06.546	-08.249	-00.187
-02.835	-06.649	+09.014
+07.737	+04.021	-02.357
-07.242	-02.872	-07.804
-09.204	-07.447	-05.565
-09.246	-04.860	-01.679
+00.216	-00.166	+02.284
+05.785	-02.625	+00.908
+08.972	-03.280	-07.551
+04.497	-08.848	+04.019
+04.992	-01.756	+05.097
+02.958	-01.928	+03.908
-01.731	-09.711	-00.747
-05.584	+01.621	+02.581
+00.623	+04.560	+06.464
+03.857	+02.552	+08.765
+07.545	-09.849	+01.304
-06.302	-01.009	-08.675
-05.279	+05.108	-00.832
+05.049	+04.314	+05.075
+00.022	-03.750	-01.297
-08.732	-05.417	+01.971
+06.927	-01.544	+07.210
+00.405	+00.273	-00.534
-02.522	+01.709	-05.302
+06.210	+06.055	-09.375
-05.443	-05.602	+01.334
-05.377	+04.747	+00.846
-04.966	+01.400	-03.402
-04.698	+04.683	+07.516
+00.479	+04.875	+02.494
-07.535	+06.595	+00.667
+01.745	+01.903	+01.191
+02.868	-00.326	-05.841
+01.746	+06.142	-04.096
+03.468	-04.615	+02.751
-01.038	+08.725	+07.031
+09.649	-09.536	-04.304
-02.969	+07.318	-09.629
+04.686	-08.455	-07.521
-04.230	-09.694	-04.222
+00.534	+07.361	-08.255
-08.895	-03.125	-09.711
-07.486	-09.842	-03.833
-01.189	-07.437	-04.689
+09.779	+05.909	+00.428
-04.617	-04.346	+00.960
+08.685	+08.404	+07.994
+02.414	+02.573	-01.600
-03.274	+00.991	-02.926
+05.010	+02.707	+01.843
+05.283	-07.402	-05.927
+04.183	-04.482	+02.505
-04.958	+02.972	-08.329
-05.022	-01.464	-03.102
-01.103	-07.643	+01.076
+01.068	+05.085	-01.405
+04.184	-09.947	+07.238
+00.485	+09.237	+06.324
-04.945	+06.638	+00.302
+01.423	-05.705	+09.905
-06.999	-01.449	-04.896
-09.999	-05.395	-00.155
+00.605	+09.228	+07.122
-00.319	-08.943	+05.121
+02.342	-04.052	-07.575
+03.466	+03.433	+08.076
+03.950	+09.706	-09.509
+01.995	-09.222	+04.767
+06.018	+00.338	-07.663
-07.420	+00.046	+05.598
-09.129	-00.001	+07.499
+03.573	-03.080	+04.386
-02.368	+04.268	-02.247
+05.325	+07.517	-03.010
-02.880	-03.658	+03.929
+01.423	+09.685	-06.367
-05.463	-08.977	+06.100
+02.654	-04.914	-04.573
-01.946	-08.191	-06.648
-00.173	+02.826	-03.507
+09.609	-02.977	+04.180
+01.726	-00.037	+02.337
+00.279	+05.509	+04.501
-09.893	+09.118	-05.433
-03.484	-04.719	-00.136
+07.087	-02.996	-03.826
-09.369	-08.853	+09.495
+01.117	+06.083	+02.758
+04.815	-08.237	+00.456
-01.099	-06.332	-01.455
-06.263	+09.840	-06.049
+02.363	-04.649	+04.646
+07.480	-00.986	+06.361
-04.380	-07.768	+06.721
-08.982	-00.067	+04.087
-02.211	+01.370	+03.495
+05.364	-00.451	+03.061
-02.589	+06.381	+02.995
+01.182	+09.983	+05.645
-05.004	-01.828	+04.015
-09.387	-04.709	+04.433
+06.215	+05.136	-06.607
-04.906	+00.197	-05.216
-07.987	+06.538	+09.931
+04.179	-01.279	+06.088
+08.477	+03.468	-09.074
-03.625	+02.285	-07.955
-08.247	+08.105	+02.848
-08.615	-03.564	+08.679
-02.606	+06.031	+01.874
+03.135	-01.947	+07.092
-07.137	-02.153	-00.957
+03.849	+06.430	+08.016
+02.963	-01.912	-02.493
-04.005	-07.014	+04.108
-05.032	+01.859	+02.539
-03.875	-03.266	+01.353
-09.867	+06.040	-01.786
-07.148	+02.678	+05.603
-03.888	+03.446	+05.184
+01.048	-05.129	+07.345
-01.918	-01.133	+02.176
-08.193	-02.845	+05.790
-09.266	+07.308	+07.452
-00.970	-04.813	+00.961
+06.897	-08.650	-03.484
-09.742	+00.991	+03.828
-02.388	+08.939	+07.286
+03.485	+04.179	+04.015
-08.097	+00.131	-04.689
+00.381	+05.543	-08.116
-01.065	+04.349	+08.549
+07.034	-07.213	+07.005
+00.396	-05.554	-04.140
-00.971	-06.255	+03.334
-05.942	-06.137	-04.495
-08.682	+08.945	+08.596
+00.749	-05.201	-07.685
-06.451	+07.581	+02.373
+04.451	+02.948	+05.247
-02.991	+03.757	+05.346
+09.635	+04.922	-05.934
-05.891	+03.721	-02.132
+09.975	+02.901	+06.106
-00.006	+00.288	+06.178
-00.455	-05.009	+05.190
-02.190	+03.710	-08.481
-09.116	+04.729	-03.202
+04.742	+05.205	+03.612
+05.836	+07.419	-09.149
-09.781	-08.253	+03.205
-05.243	+00.655	-01.560
+06.484	-09.540	+06.921
-09.791	-09.556	+06.680
-04.116	+05.248	-05.125
+03.120	-00.598	-00.440
-09.853	-05.345	-08.865
-04.181	-00.717	-02.016
+01.004	+01.225	-01.615
-01.419	+03.825	-07.178
+05.829	-08.079	+00.229